%YAML:1.0
---
K_right: !!opencv-matrix
   rows: 3
   cols: 3
   dt: d
   data: [ 2.1573264761839964e+03, 0., 5.8441218211931221e+02, 0.,
       2.0655109942506456e+03, 3.1256348996630220e+02, 0., 0., 1. ]
D_right: !!opencv-matrix
   rows: 1
   cols: 5
   dt: d
   data: [ -5.3287283414787201e-01, 5.9282169860802159e-01,
       -7.8913022804247626e-03, -2.7871890214333166e-02,
       2.1898515575236160e-01 ]
...
---
K_left: !!opencv-matrix
   rows: 3
   cols: 3
   dt: d
   data: [ 6.2318723027649930e+03, 0., 5.3462776672122834e+02, 0.,
       6.0169548753536619e+03, 2.9942338720946105e+02, 0., 0., 1. ]
D_left: !!opencv-matrix
   rows: 1
   cols: 5
   dt: d
   data: [ -3.5332544184803201e+00, 1.0265813692527684e+02,
       -4.1429944834903608e-02, 1.0495000732280234e-01,
       -3.8710913180676253e+03 ]
